packages/twenty-front/src/generated-metadata/graphql.ts
  ai_agent 2493,3221-3225,4769-4782,6077-6083,8022
packages/twenty-client-sdk/src/metadata/generated/schema.graphql
  ai_agent 1465-1470,3198,3774-3778
packages/twenty-client-sdk/src/metadata/generated/schema.ts
  ai_agent 1121-1127,2733,4053-4060,5791,6091-6092,6974-6977
packages/twenty-client-sdk/src/metadata/generated/types.ts
  ai_agent 48-55,57-63,67,74-82,96,99,102,952,955,1017,1030,1275,1288,1881,1884,1890,1893,1905,1994,2006,2901-2914,2979,2987,2990,2993,3004,3013,3039,3042,3048,3065,3082,3085,3102,3105,3136,3139,3142,3151,3160,3174,3203,3206,3209,3212,3228,3231,3270,3307,3340,3366,3375,3387,3402,3414,3425,3428,3445,3457,3529,3532,3545,3582,3585,3594,3633,3648,3684,3692,3718,3752,3755,3780,3783,3786,3807,3813,3816,3819,3825,3864,3903,3950,3999,4002,4021,4024,4043,4046,4065,4068,4076,4079,4098,4101,4109,4112,4139,4148,4167,4179,4182,4193,4202,4210,4222,4245,4251,4259,4262,4290,4328,4398,4401,4439,4453,4486,4502,4543,4565,4573,4576,4579,4582,4591,4756,4781,4784,4787,4840,4865,4868,4871,4891,5079,5128,5136,5173,5267,5273,5337,5351,5407,5483,5486,5503,5506,5509,5515,5551,5557,5563,5566,5575,5584,5587,5608,5623,5652,5670,5737,5740,5743,5751,5754,5896,5902,5910,5913,5916,5919,5993,6005,6014,6044,6056,6078,6097,6106,6118,6121,6139,6169,6177,6185,6188,6196,6199,6202,6211,6220,6229,6232,6235,6244,6253,6265,6283,6292,6322,6331,6355,6363,6386,6389,6392,6398,6401,6407,6410,6416,6419,6425,6434,6453,6466,6469,6474,6477,6480,6502,6518,6521,6542,6609,6621,6630,6636,6639,6645,6648,6654,6657,6663,6666,6672,6681,6690,6693,6711,6714,6720,6723,6729,6732,6738,6741,6747,6750,6760,6763,6776,6789,6816,6825,6834,6843,6852,6865,6892,6901,6910,6919,6928,6937,6946,6955,6964,6973,6982,6991,7000,7009,7018,7027,7036,7045,7054,7096,7111,7114,7117,7120,7124,7137,7140,7143,7146,7149,7158,7161,7173,7182,7194,7197,7206,7212,7215,7224,7237,7255,7268,7290,7354,7357,7362-7370,7392,7405,7423,7432,7438,7441,7450,7459,7468,7486,7495,7513,7522,7531,7540,7549,7558,7567,7576,7598,7607,7625,7634,7643,7649,7652,7680,7683,7689,7692,7698,7710,7719,7728,7737,7746,7755,7764,7773,7782,7788,7791,7797,7800,7806,7809,7815,7818,7824,7833,7842,7845,7851,7854,7875,7890,7903,7912,7939,7942,7948,7951,7957,7966,7975,7984,7993,8006,8009,8015,8041,8063,8083,8099,8119,8141,8172,8175,8178,8191,8213,8222,8235,8247,8260,8263,8272,8287,8299,8308,8326,8348,8361,8364,8373,8397,8415,8431,8440,8449,8455,8470,8473,8479,8482,8488,8491,8497,8500,8506,8515,8528,8531,8537,8546,8553,8562,8565,8571,8583,8604,8616,8649,8671,8680,8683,8691,8768,8800,8910,9069,9072,9075,9078,9189,9227,9303,9367,9370,9390,9559,9582,9605,9672-9688,9703,9729,9801,9961,9980,10040,10095,10106,10253,10308,10350,10381,10384,10467,10492,10565,10657,10701,10720,10731,10739,10745,10748,10776,10784,10790,10892,10940,11058,11066,11069,11132,11161,11180,11183,11186,11225,11242,11251,11254,11260
---
{
  "schema_version": "authorship/3.0.0",
  "git_ai_version": "1.5.2",
  "base_commit_sha": "8ba3d13716a76bb4e03348d181bf86a826b0839e",
  "prompts": {}
}